20
10
5
0 2 2 4 3 
10
11
7 3 7 10 10 1 7 1 5 4 9 
10
15
4 11 8 7 1 4 0 14 2 6 11 13 5 13 9 
20
18
16 14 9 9 15 14 12 16 6 8 17 4 8 8 15 5 2 11 
20
9
5 4 7 3 3 6 5 2 3 
20
5
3 4 2 0 3 
30
13
1 12 6 8 2 8 12 5 6 12 2 12 2 
10
16
10 0 15 9 3 2 3 11 15 15 8 3 2 15 6 11 
10
7
4 4 6 2 0 5 6 
10
14
1 0 11 10 6 3 3 5 11 1 4 4 0 3 
20
17
12 9 16 0 14 6 9 1 8 5 16 3 13 10 0 6 11 
10
17
7 0 7 5 10 3 7 10 16 11 3 2 14 3 2 14 0 
20
6
0 1 5 2 1 1 
30
4
0 0 1 1 
10
14
7 10 2 6 11 11 5 13 8 13 8 3 5 11 
20
18
13 14 1 1 4 7 6 6 1 8 6 14 9 5 17 2 17 1 
10
12
0 7 3 10 6 2 11 2 11 1 8 6 
10
3
2 2 2 
30
10
5 5 8 8 4 1 7 4 9 8 
30
13
3 10 2 7 2 7 3 6 4 6 7 1 7 
